lastAccountName: Azure_Dimples
timestamps:
  login: 1605442957362
  logout: 1605442847840
ipAddress: 45.40.62.174
logoutlocation:
  world: world
  x: -28.758880632423967
  y: 71.0
  z: 5.941023571952336
  yaw: 204.54591
  pitch: 38.801712
