lastAccountName: MiniFlexJAV
timestamps:
  login: 1616775687860
  logout: 1616771788371
ipAddress: 192.168.1.180
logoutlocation:
  world: world
  x: -22.084927936952443
  y: 70.0
  z: 0.4578974533942528
  yaw: -91.424706
  pitch: 0.9000125
lastlocation:
  world: amazon
  x: -14.043625515457515
  y: -160.99225695292955
  z: -37.268235385189215
  yaw: 0.13502166
  pitch: -68.84983
