lastAccountName: IlikoBack
timestamps:
  login: 1605424948607
  logout: 1605425223966
ipAddress: 109.172.234.237
logoutlocation:
  world: world
  x: 1.5226742707842393
  y: 67.0
  z: 13.78270393329645
  yaw: 228.05795
  pitch: 74.43862
