lastAccountName: IceSprayWand
timestamps:
  login: 1605440791307
  logout: 1605442757789
ipAddress: 1.174.174.206
logoutlocation:
  world: world
  x: -10.947002981676224
  y: 67.0
  z: -4.629619717668788
  yaw: -292.09753
  pitch: 8.797844
