lastAccountName: Hubie_TV
timestamps:
  login: 1605442942703
  logout: 1605442930344
ipAddress: 73.158.13.228
logoutlocation:
  world: world
  x: -29.77491116808986
  y: 71.0
  z: 2.5017700635100644
  yaw: -138.82419
  pitch: 25.350079
