lastAccountName: KudenE
timestamps:
  login: 1605442848258
ipAddress: 45.254.252.236
logoutlocation:
  world: world
  x: -30.5
  y: 73.15473179307465
  z: 0.5
  yaw: -90.07471
  pitch: -0.5999701
