lastAccountName: Tuyul
timestamps:
  login: 1605442874357
  logout: 1605442690313
ipAddress: 182.253.179.150
logoutlocation:
  world: world
  x: -30.5
  y: 73.15473179307465
  z: 0.5
  yaw: -90.07471
  pitch: -0.5999701
