lastAccountName: coolxsoundss
timestamps:
  login: 1605441491392
  logout: 1605442205071
ipAddress: 212.42.125.193
logoutlocation:
  world: world
  x: -37.303153642814394
  y: 71.0
  z: -1.1783220913460366
  yaw: 259.32697
  pitch: 12.900413
