lastAccountName: SuperCheeseC
timestamps:
  login: 1605424037638
ipAddress: 116.193.172.168
logoutlocation:
  world: world
  x: -30.5
  y: 73.15473179307465
  z: 0.5
  yaw: -90.07471
  pitch: -0.5999701
