lastAccountName: Yui2k
timestamps:
  login: 1605442586504
  logout: 1605442580252
ipAddress: 27.71.80.125
logoutlocation:
  world: world
  x: 0.839898144191294
  y: 72.37223169484164
  z: 6.339621718389772
  yaw: -236.53818
  pitch: 17.728035
lastlocation:
  world: amazon
  x: -1.2267115649343299
  y: 67.0
  z: -13.140222558232635
  yaw: 118.97363
  pitch: 19.23581
