lastAccountName: Ducgaodo
timestamps:
  login: 1614784869636
  logout: 1614782151679
ipAddress: 192.168.1.180
logoutlocation:
  world: world
  x: -26.244716098530052
  y: 72.0
  z: -3.956667515791488
  yaw: -248.02446
  pitch: -0.74995196
