logoutlocation:
  world: world
  x: -30.5
  y: 73.15473179307465
  z: 0.5
  yaw: -90.07471
  pitch: -0.5999701
lastAccountName: ScotBrown99
timestamps:
  login: 1605424972929
ipAddress: 5.178.234.114
